0 -26.07284164428711 -5.774410724639893 -2.973446846008301
1 -26.500808715820313 -5.478211402893066 -2.8057563304901123
2 -26.534719467163086 -5.070034980773926 -2.867018222808838
3 -26.135177612304688 -5.1613264083862305 -2.5407633781433105
4 -25.926212310791016 -5.629435062408447 -2.8178088665008545
5 -26.49405288696289 -5.5973310470581055 -2.87324857711792
6 -26.051490783691406 -5.406497955322266 -3.3209166526794434
7 -26.172739028930664 -5.5448222160339355 -2.9143898487091064
8 -26.446834564208984 -5.673977375030518 -2.9650063514709473
9 -26.16195297241211 -5.773017406463623 -2.989264965057373
10 -26.248764038085938 -5.7178635597229 -2.9211578369140625
11 -26.261852264404297 -5.55460262298584 -2.8806138038635254
12 -26.128707885742188 -5.535089492797852 -2.9562935829162598
13 -26.325834274291992 -6.015172004699707 -3.265695333480835
14 -25.9493408203125 -5.316046237945557 -2.8142545223236084
15 -26.162843704223633 -5.530960559844971 -2.9300458431243896
16 -26.61543083190918 -5.457282066345215 -2.963883399963379
17 -25.856721878051758 -5.316321849822998 -3.2669808864593506
18 -26.01693344116211 -5.681343078613281 -2.9871912002563477
19 -26.20272445678711 -5.410854816436768 -2.763212203979492
20 -26.166790008544922 -5.223412990570068 -2.935539722442627
21 -26.46653175354004 -5.48427677154541 -2.716677665710449
22 -26.04617691040039 -5.5624847412109375 -2.6579365730285645
23 -26.16608238220215 -5.330842971801758 -2.798102855682373
24 -26.276254653930664 -5.486135005950928 -2.731884717941284
25 -26.31516456604004 -5.705156326293945 -2.7197787761688232
26 -26.46286392211914 -5.616100311279297 -2.658707857131958
27 -26.254560470581055 -5.606827735900879 -2.6919617652893066
28 -26.287199020385742 -5.900309085845947 -2.618957757949829
29 -25.99544334411621 -5.833934783935547 -2.8089346885681152
30 -26.206806182861328 -5.6673665046691895 -2.9415900707244873
31 -26.35592269897461 -5.789538860321045 -3.0716121196746826
32 -26.06807518005371 -5.36734676361084 -2.9535059928894043
33 -26.105188369750977 -5.88383150100708 -2.5790278911590576
34 -26.053049087524414 -5.616064071655273 -2.835447072982788
35 -25.91701889038086 -5.980290412902832 -2.910308599472046
36 -26.204587936401367 -5.856130123138428 -2.6311612129211426
37 -26.225170135498047 -5.866918563842773 -2.521242618560791
38 -25.934722900390625 -5.234495162963867 -2.9063684940338135
39 -25.9809513092041 -5.463624954223633 -2.509615898132324
40 -26.0584659576416 -5.434632778167725 -2.5966460704803467
41 -25.847076416015625 -5.574052333831787 -2.476522445678711
42 -26.133487701416016 -5.688381671905518 -3.033132314682007
43 -26.09654426574707 -5.418389320373535 -2.9049911499023438
44 -26.297977447509766 -5.970315933227539 -2.753167152404785
45 -25.967529296875 -5.302647590637207 -3.06868052482605
46 -25.93299674987793 -5.498317718505859 -2.671234607696533
47 -26.37482452392578 -5.462104320526123 -2.4974892139434814
48 -26.287086486816406 -5.6494059562683105 -2.9993956089019775
49 -25.893638610839844 -5.4421467781066895 -2.7837653160095215
50 -26.39185905456543 -5.509013652801514 -3.0468029975891113
51 -26.068607330322266 -5.919642448425293 -2.9053049087524414
52 -26.18244171142578 -5.804266452789307 -2.8239059448242188
53 -26.19568634033203 -5.817892074584961 -2.92370343208313
54 -26.22459602355957 -6.0073771476745605 -2.5360453128814697
55 -26.185884475708008 -5.479849338531494 -3.031200647354126
56 -25.93602180480957 -5.674715995788574 -3.2419230937957764
57 -25.99696159362793 -5.636216640472412 -2.7774672508239746
58 -26.51258087158203 -5.442922115325928 -2.751877784729004
59 -26.026081085205078 -5.869600296020508 -2.5965969562530518
60 -25.890405654907227 -5.661187648773193 -2.6312851905822754
61 -25.98080062866211 -5.6771240234375 -2.7620277404785156
62 -26.122848510742188 -6.026831150054932 -2.4278457164764404
63 -25.89567756652832 -5.7485151290893555 -2.4696969985961914
64 -26.338462829589844 -5.589765548706055 -2.7241642475128174
65 -26.139535903930664 -5.5590314865112305 -2.5699784755706787
66 -26.2164363861084 -5.498960018157959 -2.685509204864502
67 -26.27826690673828 -5.5222392082214355 -2.688979387283325
68 -26.277999877929688 -5.469321250915527 -2.971727132797241
69 -26.181804656982422 -5.712571144104004 -2.8748111724853516
70 -25.856029510498047 -5.752902030944824 -2.363840341567993
71 -26.212738037109375 -5.794395923614502 -2.7941830158233643
72 -26.229948043823242 -5.537114143371582 -2.879504442214966
73 -26.330759048461914 -5.4419450759887695 -2.8551650047302246
74 -26.23346519470215 -5.48392915725708 -2.7598884105682373
75 -26.218570709228516 -5.309472560882568 -2.601970672607422
76 -26.01151466369629 -5.475216865539551 -3.1964950561523438
77 -26.00368881225586 -5.79473352432251 -2.731576919555664
78 -26.1523494720459 -5.664923191070557 -2.9494030475616455
79 -26.410301208496094 -5.484133243560791 -2.7220489978790283
80 -25.96999740600586 -5.671030521392822 -2.454383373260498
81 -26.528226852416992 -5.546219348907471 -2.8673908710479736
82 -26.177534103393555 -5.874403953552246 -2.874202013015747
83 -26.27642822265625 -5.568996429443359 -2.936890125274658
84 -26.450204849243164 -5.352930545806885 -2.8164591789245605
85 -26.552522659301758 -5.261523246765137 -3.0472748279571533
86 -26.038209915161133 -5.9264655113220215 -2.8861420154571533
87 -26.438461303710938 -5.685824394226074 -3.0858521461486816
88 -26.275798797607422 -5.34256649017334 -2.7325990200042725
89 -26.043703079223633 -5.430314064025879 -2.541997194290161
90 -26.1025447845459 -5.841419696807861 -2.8503997325897217
91 -25.972576141357422 -5.789047718048096 -2.798588991165161
92 -26.27857780456543 -5.413549900054932 -2.7837023735046387
93 -25.883926391601563 -5.5427565574646 -2.877023696899414
94 -26.149959564208984 -5.813452243804932 -2.69992995262146
95 -26.265636444091797 -5.997706890106201 -2.666947364807129
96 -26.156044006347656 -5.575905799865723 -2.9118685722351074
97 -25.841005325317383 -5.65471887588501 -3.0494208335876465
98 -26.573383331298828 -5.670215129852295 -2.845705032348633
99 -26.171566009521484 -5.715499401092529 -2.9276633262634277
100 -25.991580963134766 -5.396018981933594 -2.681256055831909
101 -26.075984954833984 -5.388930320739746 -2.957441806793213
102 -26.394990921020508 -5.393729209899902 -3.0335986614227295
103 -26.119234085083008 -5.9048967361450195 -2.93143892288208
104 -26.125553131103516 -5.657289505004883 -2.6602230072021484
105 -26.817398071289063 -5.601201057434082 -2.6927525997161865
106 -26.093936920166016 -5.400172233581543 -2.5891785621643066
107 -26.321306228637695 -5.707058906555176 -2.691476821899414
108 -26.044485092163086 -5.5133442878723145 -2.937664031982422
109 -26.026371002197266 -5.883386611938477 -2.746232748031616
110 -26.088336944580078 -5.771141052246094 -2.860302209854126
111 -25.853195190429688 -5.477555751800537 -2.868644952774048
112 -26.008075714111328 -5.320690631866455 -3.0970516204833984
113 -26.151288986206055 -5.8471574783325195 -2.7463490962982178
114 -26.07134246826172 -5.494006633758545 -2.7893991470336914
115 -26.339208602905273 -5.440334320068359 -2.928851366043091
116 -26.197830200195313 -5.513415813446045 -2.9119210243225098
117 -26.031591415405273 -5.5474629402160645 -2.4464058876037598
118 -26.415761947631836 -5.737114906311035 -2.86802077293396
119 -26.183698654174805 -5.72683572769165 -2.863178253173828
120 -25.957237243652344 -5.308476448059082 -2.95426607131958
121 -26.045238494873047 -5.9445600509643555 -2.706373691558838
122 -25.82550048828125 -5.861991882324219 -3.0718350410461426
123 -25.85892677307129 -5.752267360687256 -2.945188522338867
124 -26.215600967407227 -5.472304821014404 -2.921049118041992
125 -26.11968231201172 -5.409746170043945 -2.7432241439819336
126 -26.18927764892578 -5.565728187561035 -2.673057794570923
127 -25.83988380432129 -6.005697727203369 -2.7655062675476074
128 -26.233476638793945 -5.437116622924805 -3.147531747817993
129 -25.924057006835938 -5.881836891174316 -3.1228764057159424
130 -25.863525390625 -5.635894775390625 -3.222003936767578
131 -26.239545822143555 -5.502915382385254 -2.7209606170654297
132 -26.000144958496094 -5.557021141052246 -3.0933520793914795
133 -26.204748153686523 -5.518575191497803 -2.7728652954101563
134 -26.21891212463379 -5.739067554473877 -2.746675968170166
135 -26.0024471282959 -5.209467887878418 -2.8932440280914307
136 -25.963891983032227 -5.6364874839782715 -2.6781671047210693
137 -26.239606857299805 -5.475939750671387 -2.908229351043701
138 -26.13638687133789 -5.590826988220215 -2.580939769744873
139 -26.15110969543457 -5.458158493041992 -2.754544973373413
140 -26.009214401245117 -5.405600070953369 -2.8075666427612305
141 -26.0127010345459 -5.836113929748535 -2.40741229057312
142 -25.954710006713867 -5.433297157287598 -2.8780598640441895
143 -26.227832794189453 -5.281761169433594 -2.7342233657836914
144 -26.038902282714844 -5.6447296142578125 -2.747868061065674
145 -26.244373321533203 -5.284324645996094 -2.7468090057373047
146 -26.15151023864746 -5.579957008361816 -2.5558853149414063
147 -25.844249725341797 -5.713127613067627 -2.9470629692077637
148 -26.453805923461914 -5.559630870819092 -2.850780725479126
149 -26.022546768188477 -5.60067892074585 -2.657492160797119
150 -25.846742630004883 -5.753036975860596 -2.780853271484375
151 -26.024194717407227 -5.5188889503479 -2.607553482055664
152 -26.177717208862305 -5.9195332527160645 -2.89551043510437
153 -26.18372344970703 -5.506968021392822 -3.144862651824951
154 -25.98138999938965 -5.739552021026611 -2.6338019371032715
155 -26.11697769165039 -5.703685283660889 -2.7939224243164063
156 -26.10698699951172 -5.654066562652588 -2.727224588394165
157 -25.75491714477539 -5.553962707519531 -2.844241142272949
158 -25.780315399169922 -5.5464887619018555 -2.911944627761841
159 -26.111413955688477 -5.431875228881836 -2.6158721446990967
160 -25.948368072509766 -5.574933052062988 -2.9191625118255615
161 -26.066307067871094 -5.74542760848999 -3.240078926086426
162 -25.969970703125 -5.931007385253906 -2.3160464763641357
163 -26.249135971069336 -5.495311737060547 -2.844143867492676
164 -26.055042266845703 -5.481314182281494 -2.9694745540618896
165 -25.89583396911621 -5.309848785400391 -2.7567381858825684
166 -25.990144729614258 -5.808742523193359 -2.8979384899139404
167 -25.95692253112793 -5.5647873878479 -3.1453425884246826
168 -26.289058685302734 -5.707691192626953 -2.788243293762207
169 -26.224899291992188 -5.811174392700195 -2.596181631088257
170 -26.382617950439453 -5.541501998901367 -2.48480224609375
171 -25.86243438720703 -5.782536029815674 -2.8417720794677734
172 -26.186622619628906 -5.477548599243164 -2.5609965324401855
173 -26.322240829467773 -5.567385673522949 -2.750476121902466
174 -26.008426666259766 -5.697759628295898 -2.9016213417053223
175 -26.598058700561523 -5.2184953689575195 -2.7564752101898193
176 -26.36241912841797 -5.5262861251831055 -2.721708297729492
177 -26.17336082458496 -5.426583766937256 -2.9834811687469482
178 -25.970495223999023 -5.826725006103516 -2.5028631687164307
179 -26.038053512573242 -5.6760711669921875 -2.5287225246429443
180 -25.98284339904785 -5.816773891448975 -2.885279893875122
181 -26.252660751342773 -5.3845109939575195 -2.957409143447876
182 -26.43124771118164 -5.5415449142456055 -3.2633259296417236
183 -26.033308029174805 -5.432967185974121 -2.983015537261963
184 -25.65439224243164 -5.637657165527344 -3.083193302154541
185 -26.274999618530273 -5.33371639251709 -2.6336538791656494
186 -25.900129318237305 -6.0346174240112305 -2.7570595741271973
187 -25.79640769958496 -5.641312122344971 -2.634042263031006
188 -25.996688842773438 -5.701957702636719 -3.008086681365967
189 -26.41261100769043 -5.954353332519531 -2.634371519088745
190 -26.108400344848633 -5.74610710144043 -2.478252410888672
191 -26.09929084777832 -5.563648700714111 -2.5450310707092285
192 -26.204452514648438 -6.032810688018799 -3.049736976623535
193 -25.926225662231445 -5.405280113220215 -2.794611692428589
194 -25.89475440979004 -5.861215114593506 -2.7192869186401367
195 -26.017393112182617 -5.500814914703369 -3.042935848236084
196 -26.04758071899414 -6.2315449714660645 -2.650935411453247
197 -26.18378257751465 -5.804203987121582 -2.818803548812866
198 -25.92174530029297 -5.597479343414307 -3.195939779281616
199 -26.213726043701172 -5.845651626586914 -3.172558546066284
200 -26.27016258239746 -5.758534908294678 -2.8445026874542236
201 -26.150787353515625 -6.084983825683594 -2.7550346851348877
202 -26.232810974121094 -5.712035655975342 -3.1571574211120605
203 -26.581602096557617 -5.662007808685303 -2.7585835456848145
204 -26.304973602294922 -5.74158239364624 -2.695390462875366
205 -25.91022491455078 -6.1360321044921875 -2.7361648082733154
206 -26.010744094848633 -5.481608867645264 -3.3025569915771484
207 -26.079097747802734 -5.874539375305176 -2.979501724243164
208 -26.140853881835938 -5.6720709800720215 -2.8401830196380615
209 -26.018112182617188 -5.748149871826172 -2.9834485054016113
210 -26.170604705810547 -5.499258995056152 -2.7451393604278564
211 -26.397579193115234 -5.662653923034668 -3.0182533264160156
212 -26.118982315063477 -5.894876480102539 -3.008547782897949
213 -26.42525291442871 -5.714391708374023 -2.5448172092437744
214 -26.19940757751465 -5.562110424041748 -3.0015342235565186
215 -26.118621826171875 -5.7631049156188965 -2.5615904331207275
216 -25.98777961730957 -5.506068706512451 -2.9841952323913574
217 -26.340124130249023 -5.269406795501709 -2.8169562816619873
218 -26.045839309692383 -5.539880275726318 -2.801384687423706
219 -25.760162353515625 -5.571434020996094 -2.8596441745758057
220 -25.916030883789063 -6.116526126861572 -2.899474859237671
221 -25.922657012939453 -5.350556373596191 -2.993075132369995
222 -25.81838607788086 -5.705589771270752 -2.8771209716796875
223 -25.988950729370117 -5.646786689758301 -3.033945322036743
224 -26.167255401611328 -5.594285488128662 -2.799051284790039
225 -26.00700569152832 -5.806576251983643 -2.7877931594848633
226 -25.99981689453125 -5.7846598625183105 -2.551830530166626
227 -26.100797653198242 -5.579582691192627 -2.686612129211426
228 -25.639469146728516 -5.783523082733154 -2.636638641357422
229 -26.075977325439453 -5.409855842590332 -2.448435068130493
230 -26.08233642578125 -5.597189426422119 -2.8139328956604004
231 -25.97767448425293 -5.679882049560547 -2.8811111450195313
232 -26.25605583190918 -5.72687292098999 -2.9202239513397217
233 -25.779531478881836 -5.599116802215576 -2.691115379333496
234 -26.427762985229492 -5.554957866668701 -2.9255175590515137
235 -26.250083923339844 -6.06184720993042 -2.579819440841675
236 -26.158098220825195 -5.827869892120361 -2.713005781173706
237 -26.025266647338867 -5.833552360534668 -2.708885431289673
238 -25.994892120361328 -5.438820838928223 -2.995776891708374
239 -25.725257873535156 -5.560848712921143 -2.9701807498931885
240 -25.96780014038086 -5.940190315246582 -3.297417163848877
241 -26.048242568969727 -5.596199989318848 -2.8822524547576904
242 -26.316001892089844 -5.6080498695373535 -2.634744644165039
243 -26.043542861938477 -5.566890239715576 -2.7810885906219482
244 -26.0074405670166 -5.913244247436523 -2.5863118171691895
245 -26.228321075439453 -5.626163005828857 -2.2509710788726807
246 -25.998523712158203 -5.625089645385742 -2.5892250537872314
247 -26.141626358032227 -5.633269309997559 -2.9369852542877197
248 -26.393077850341797 -5.51521110534668 -2.807960033416748
249 -26.146869659423828 -5.499105930328369 -3.025707483291626
250 -26.251127243041992 -5.731251239776611 -2.663120746612549
251 -26.325000762939453 -5.6181769371032715 -3.0033068656921387
252 -26.252525329589844 -5.46335506439209 -2.667745590209961
253 -26.11081314086914 -5.555856704711914 -3.16271710395813
254 -26.144540786743164 -5.662370681762695 -3.0082976818084717
255 -26.159326553344727 -5.8176589012146 -2.556347370147705
256 -26.018308639526367 -5.623222827911377 -2.8564860820770264
257 -26.178478240966797 -5.420174598693848 -2.696194887161255
258 -26.21368980407715 -5.643659591674805 -2.690542459487915
259 -26.146915435791016 -5.741992473602295 -2.5833733081817627
260 -25.913238525390625 -5.756688594818115 -2.8122899532318115
261 -26.341766357421875 -5.699007987976074 -2.8672406673431396
262 -26.111553192138672 -5.076971530914307 -2.8808188438415527
263 -26.160266876220703 -5.708498477935791 -2.9258198738098145
264 -25.953460693359375 -5.613824367523193 -2.7531208992004395
265 -26.191926956176758 -5.500415325164795 -2.5694806575775146
266 -26.062755584716797 -5.515878200531006 -2.9209847450256348
267 -25.88283920288086 -5.862761497497559 -2.8886518478393555
268 -26.327655792236328 -5.72994327545166 -2.776864767074585
269 -25.90569305419922 -5.521885395050049 -3.041288137435913
270 -26.077558517456055 -5.471117973327637 -3.000488519668579
271 -26.045501708984375 -5.24122953414917 -2.8067500591278076
272 -26.412939071655273 -5.553716659545898 -2.9734764099121094
273 -25.963539123535156 -5.902031898498535 -2.6234588623046875
274 -26.416208267211914 -5.674615383148193 -2.567246198654175
275 -25.719314575195313 -5.456974983215332 -2.4255034923553467
276 -25.944536209106445 -5.634932041168213 -2.526876449584961
277 -26.04117202758789 -5.4311418533325195 -2.629507064819336
278 -26.243520736694336 -6.001750946044922 -2.838618278503418
279 -26.16850471496582 -5.851322174072266 -3.0548367500305176
280 -25.99831199645996 -5.627822399139404 -2.7273032665252686
281 -25.896591186523438 -5.620893478393555 -3.0106022357940674
282 -25.935380935668945 -5.726179599761963 -2.760171413421631
283 -26.241092681884766 -5.632065296173096 -2.975053310394287
284 -26.188100814819336 -5.707597732543945 -2.7584164142608643
285 -26.36958122253418 -5.700893402099609 -2.9223804473876953
286 -26.141923904418945 -5.7178778648376465 -3.088998794555664
287 -26.0753116607666 -5.33936882019043 -2.867170810699463
288 -25.57224464416504 -5.68902587890625 -2.8207077980041504
289 -26.038267135620117 -5.969542980194092 -3.09104585647583
290 -26.113889694213867 -5.887136936187744 -3.0437002182006836
291 -25.916828155517578 -5.626028060913086 -2.933309555053711
292 -25.636430740356445 -5.611397743225098 -2.763112783432007
293 -26.094409942626953 -5.710825443267822 -2.7797887325286865
294 -26.1824893951416 -5.6952080726623535 -2.6235768795013428
295 -25.956092834472656 -5.680576324462891 -3.1103005409240723
296 -25.731185913085938 -5.779966831207275 -2.8719327449798584
297 -26.599233627319336 -5.700844764709473 -2.8627212047576904
298 -26.143402099609375 -5.80918550491333 -2.7040064334869385
299 -26.373512268066406 -5.550240516662598 -3.0309412479400635
300 -26.413436889648438 -5.44403076171875 -2.741882562637329
301 -26.019378662109375 -5.566085338592529 -2.7048988342285156
302 -26.09947967529297 -5.391559600830078 -2.858289957046509
303 -26.191118240356445 -5.572373390197754 -3.097158432006836
304 -26.28125762939453 -5.839404582977295 -2.695246934890747
305 -26.195396423339844 -5.671121120452881 -2.910719156265259
306 -26.064268112182617 -5.715932846069336 -3.075467824935913
307 -26.403032302856445 -5.629896640777588 -2.95058536529541
308 -26.123870849609375 -5.768787860870361 -2.78273868560791
309 -26.092870712280273 -5.8029465675354 -2.951045036315918
310 -26.2605037689209 -5.3340325355529785 -2.8733162879943848
311 -26.022777557373047 -5.681606769561768 -2.9962656497955322
312 -25.806373596191406 -5.953379154205322 -2.8078250885009766
313 -26.01633644104004 -5.415235996246338 -2.7991747856140137
314 -26.286134719848633 -5.509084224700928 -2.696885108947754
315 -26.55941390991211 -5.514944553375244 -3.079460382461548
316 -25.827007293701172 -5.754510402679443 -2.711435556411743
317 -25.599689483642578 -5.77421760559082 -2.9065139293670654
318 -25.836641311645508 -5.577509880065918 -2.797912120819092
319 -26.175100326538086 -5.481446743011475 -2.707735776901245
320 -26.05801010131836 -5.637419700622559 -2.8455190658569336
321 -26.431915283203125 -5.6527886390686035 -3.0508971214294434
322 -26.059106826782227 -5.321201801300049 -2.822883129119873
323 -26.265493392944336 -5.66940975189209 -2.9029016494750977
324 -26.08263397216797 -5.582685947418213 -2.799905776977539
325 -26.082117080688477 -5.800997734069824 -2.983344793319702
326 -26.22015953063965 -5.742816925048828 -2.5492401123046875
327 -26.36931037902832 -5.342740058898926 -2.552482843399048
328 -26.18427276611328 -5.545193195343018 -2.83937406539917
329 -26.36548614501953 -5.803369998931885 -2.8166964054107666
330 -26.033226013183594 -5.620892524719238 -2.9903366565704346
331 -26.048974990844727 -5.68124532699585 -2.8781063556671143
332 -26.18777084350586 -5.666686058044434 -2.933180570602417
333 -25.942859649658203 -5.507102012634277 -2.956533432006836
334 -26.10855484008789 -5.630619525909424 -2.9443631172180176
335 -25.85947036743164 -5.7542033195495605 -2.750882148742676
336 -26.247573852539063 -5.422356605529785 -2.938304901123047
337 -25.86704444885254 -5.688192367553711 -2.6273694038391113
338 -26.10687255859375 -5.414658069610596 -2.8624329566955566
339 -26.089731216430664 -5.568271160125732 -3.101729393005371
340 -25.989253997802734 -5.731241226196289 -2.8919599056243896
341 -26.197113037109375 -5.803292751312256 -2.7394425868988037
342 -26.093482971191406 -5.638510227203369 -2.8510470390319824
343 -26.150972366333008 -5.611203670501709 -2.7909374237060547
344 -26.193567276000977 -5.585653781890869 -2.7438242435455322
345 -26.07366371154785 -5.608919143676758 -2.6937081813812256
346 -25.82754135131836 -5.502116680145264 -2.947705030441284
347 -25.90219497680664 -5.90937614440918 -2.553922414779663
348 -26.381895065307617 -5.23886251449585 -3.027617931365967
349 -26.3298282623291 -5.624082565307617 -3.0970661640167236
350 -26.42115592956543 -5.81901741027832 -2.681847333908081
351 -26.254928588867188 -5.694170951843262 -2.889928102493286
352 -26.17291831970215 -5.5408782958984375 -3.0849530696868896
353 -26.014530181884766 -5.679642200469971 -2.889770746231079
354 -26.212661743164063 -5.531527996063232 -2.895575761795044
355 -26.01921844482422 -5.7648115158081055 -3.047260284423828
356 -26.076202392578125 -5.429164886474609 -2.7262353897094727
357 -26.537242889404297 -5.46463680267334 -3.0329694747924805
358 -26.366994857788086 -5.596320629119873 -2.898996353149414
359 -26.06849479675293 -5.527640342712402 -3.0495591163635254
360 -26.317338943481445 -5.552774429321289 -2.910032033920288
361 -26.23542022705078 -5.4355034828186035 -2.859168767929077
362 -26.20167350769043 -5.522866249084473 -3.0571436882019043
363 -26.15042495727539 -5.45668363571167 -2.904615640640259
364 -25.904985427856445 -5.554926872253418 -2.64640736579895
365 -26.1473331451416 -5.825146198272705 -2.70194411277771
366 -26.10909652709961 -5.599388599395752 -2.7801671028137207
367 -26.348567962646484 -5.643721103668213 -3.0050487518310547
368 -26.370718002319336 -5.559635162353516 -2.554628610610962
369 -25.957977294921875 -5.661582946777344 -2.989257335662842
370 -25.895702362060547 -5.8161420822143555 -3.0014312267303467
371 -26.26365852355957 -5.599588871002197 -2.7057344913482666
372 -26.219886779785156 -5.390224456787109 -2.8930225372314453
373 -26.34920883178711 -5.764245986938477 -2.680572986602783
374 -26.203474044799805 -5.550325870513916 -2.763742446899414
375 -26.144887924194336 -5.647511005401611 -3.1267244815826416
376 -26.121774673461914 -5.528524398803711 -3.0953128337860107
377 -26.14475440979004 -5.611552715301514 -2.920897960662842
378 -26.0757999420166 -5.86477518081665 -3.0590219497680664
379 -26.268098831176758 -5.795113563537598 -2.969381332397461
380 -25.95255470275879 -5.789857387542725 -3.0301339626312256
381 -26.057945251464844 -5.6096415519714355 -3.161149501800537
382 -26.283573150634766 -5.729798316955566 -2.891519069671631
383 -26.304889678955078 -5.7074666023254395 -2.7201573848724365
384 -26.283994674682617 -5.75577449798584 -2.8094778060913086
385 -26.149452209472656 -5.6229472160339355 -2.3805882930755615
386 -26.26394271850586 -5.427099704742432 -3.026876926422119
387 -26.161699295043945 -5.475644111633301 -2.682919979095459
388 -26.340368270874023 -6.023033142089844 -3.0554516315460205
389 -26.151391983032227 -5.640569686889648 -2.7224411964416504
390 -26.035289764404297 -5.68653678894043 -2.9761240482330322
391 -26.217538833618164 -5.589572429656982 -2.988201856613159
392 -26.10581398010254 -5.82459831237793 -2.4211606979370117
393 -26.04743766784668 -5.632595539093018 -2.879505157470703
394 -25.948179244995117 -5.719459056854248 -3.070769786834717
395 -26.19169807434082 -5.792312145233154 -2.75669527053833
396 -26.11540412902832 -5.627447605133057 -2.958526611328125
397 -26.37014389038086 -5.598943710327148 -2.694838047027588
398 -26.234100341796875 -5.38935661315918 -3.0004310607910156
399 -26.124662399291992 -5.6229705810546875 -2.8199899196624756
400 -26.05760955810547 -5.712137222290039 -2.5980546474456787
401 -26.12340545654297 -5.42997932434082 -2.616023540496826
402 -26.27006721496582 -5.530821323394775 -2.988276958465576
403 -26.247669219970703 -5.602841854095459 -2.7742066383361816
404 -26.151643753051758 -5.430561542510986 -3.0757415294647217
405 -26.471046447753906 -5.830238342285156 -2.7688498497009277
406 -26.355756759643555 -5.503729343414307 -2.673029661178589
407 -26.020978927612305 -5.71622371673584 -3.134796380996704
408 -26.451210021972656 -5.627390384674072 -2.6633517742156982
409 -26.381256103515625 -5.570407390594482 -2.676607847213745
410 -26.216318130493164 -5.465789318084717 -2.68204665184021
411 -26.26987075805664 -5.540119171142578 -2.6836791038513184
412 -26.4563045501709 -5.520785808563232 -2.8100931644439697
413 -26.369264602661133 -5.517568588256836 -2.5061373710632324
414 -26.111724853515625 -5.681966781616211 -2.77762508392334
415 -26.428821563720703 -5.547455787658691 -2.9468860626220703
416 -26.361417770385742 -5.202250003814697 -2.6867029666900635
417 -26.3294620513916 -5.390634536743164 -2.469759464263916
418 -26.410240173339844 -5.376284122467041 -2.871721029281616
419 -26.420196533203125 -5.531976699829102 -2.6194264888763428
420 -26.029132843017578 -5.623998165130615 -2.7907800674438477
421 -26.328277587890625 -5.526332855224609 -2.9977028369903564
422 -26.29958724975586 -5.632214069366455 -3.045809030532837
423 -26.28139877319336 -5.531101703643799 -2.635444402694702
424 -25.9199275970459 -5.252317428588867 -2.691410541534424
425 -26.08726692199707 -5.431275844573975 -2.844902753829956
426 -26.413183212280273 -5.6283674240112305 -2.388516664505005
427 -26.137920379638672 -5.597816467285156 -2.9142675399780273
428 -25.951766967773438 -5.437285423278809 -2.9348790645599365
429 -26.21010971069336 -5.435518264770508 -2.7987842559814453
430 -26.25777244567871 -5.533987045288086 -2.7988243103027344
431 -26.002466201782227 -5.404017925262451 -2.6444687843322754
432 -25.856098175048828 -5.8100175857543945 -2.868854284286499
433 -26.059467315673828 -5.589589595794678 -2.8074350357055664
434 -25.994691848754883 -5.713968276977539 -3.0100789070129395
435 -26.124042510986328 -5.653779983520508 -2.713033437728882
436 -26.020339965820313 -5.674667835235596 -2.741011142730713
437 -26.246213912963867 -5.763553142547607 -2.964409351348877
438 -26.02643394470215 -5.7482733726501465 -3.1123692989349365
439 -26.056385040283203 -5.5319390296936035 -3.077587366104126
440 -26.102134704589844 -5.796929836273193 -2.750479221343994
441 -26.0675106048584 -5.313406944274902 -2.971453905105591
442 -26.03911018371582 -5.629068374633789 -2.9345107078552246
443 -26.292699813842773 -5.874729633331299 -2.6567296981811523
444 -26.311595916748047 -5.713725566864014 -3.28912091255188
445 -26.70562744140625 -5.544671058654785 -2.6211166381835938
446 -26.183914184570313 -5.751193523406982 -2.833796739578247
447 -26.337661743164063 -5.682156562805176 -2.761629819869995
448 -26.29938316345215 -5.482947826385498 -3.0574333667755127
449 -26.315004348754883 -5.482964515686035 -3.078580141067505
450 -26.482942581176758 -5.5165581703186035 -2.705644369125366
451 -26.175745010375977 -5.617913246154785 -2.6447064876556396
452 -26.22780990600586 -5.441823482513428 -2.5027225017547607
453 -26.0250186920166 -5.570811748504639 -2.7294704914093018
454 -26.050615310668945 -5.491200923919678 -2.765129566192627
455 -26.42650604248047 -5.696405410766602 -3.2753541469573975
456 -26.188505172729492 -5.761949062347412 -2.5560925006866455
457 -26.124940872192383 -5.516444683074951 -2.6904964447021484
458 -26.697010040283203 -5.6329731941223145 -2.2749075889587402
459 -26.404441833496094 -5.473143577575684 -2.981034994125366
460 -26.335119247436523 -5.715876579284668 -2.7403316497802734
461 -26.115856170654297 -5.4477152824401855 -2.639068365097046
462 -26.326255798339844 -5.502277851104736 -2.5776889324188232
463 -26.284509658813477 -5.684549808502197 -2.9682507514953613
464 -26.248394012451172 -5.211241722106934 -2.9521429538726807
465 -26.109792709350586 -5.574922561645508 -3.0688953399658203
466 -26.089481353759766 -5.493659019470215 -2.7774386405944824
467 -26.39189910888672 -5.545701503753662 -2.8910086154937744
468 -26.251392364501953 -5.542535305023193 -2.6594202518463135
469 -26.13991928100586 -5.791975021362305 -3.197779893875122
470 -26.304304122924805 -5.563654899597168 -2.9257681369781494
471 -26.64095687866211 -5.422165393829346 -2.599090576171875
472 -26.293251037597656 -5.665300369262695 -2.7600479125976563
473 -26.348175048828125 -5.612701892852783 -2.918545722961426
474 -26.040761947631836 -5.656919002532959 -2.7430319786071777
475 -26.27090072631836 -5.643799781799316 -2.74351167678833
476 -26.518484115600586 -5.474635601043701 -2.858444929122925
477 -26.117855072021484 -5.261312961578369 -2.7974205017089844
478 -26.24091339111328 -5.675975322723389 -3.162672758102417
479 -26.295028686523438 -5.5591044425964355 -2.8226258754730225
480 -26.066091537475586 -5.735469818115234 -2.9846620559692383
481 -26.53607940673828 -5.684287071228027 -2.9807915687561035
482 -26.150800704956055 -5.63742208480835 -3.061501979827881
483 -26.421934127807617 -5.3524370193481445 -2.431805372238159
484 -26.04086685180664 -5.424212455749512 -2.934046745300293
485 -26.210432052612305 -5.624843597412109 -3.0703794956207275
486 -26.07119369506836 -5.818301200866699 -3.2451868057250977
487 -26.07721710205078 -5.584923267364502 -3.043206214904785
488 -26.096452713012695 -5.689138889312744 -2.92122220993042
489 -26.421875 -5.7506279945373535 -2.8596596717834473
490 -26.402965545654297 -5.7245774269104 -2.7628324031829834
491 -26.223064422607422 -5.684296131134033 -2.9888951778411865
492 -26.32590675354004 -5.673522472381592 -2.7680065631866455
493 -26.463375091552734 -5.835097789764404 -2.850768566131592
494 -26.235713958740234 -5.661462306976318 -3.063971996307373
495 -26.41208267211914 -5.625314235687256 -2.7998435497283936
496 -26.1319637298584 -5.526252746582031 -2.789783000946045
497 -26.277551651000977 -5.59550666809082 -2.9653286933898926
498 -26.05690574645996 -5.689701080322266 -2.7939774990081787
499 -26.35055923461914 -5.415655136108398 -2.8469221591949463
500 -26.298486709594727 -5.479368209838867 -2.7276268005371094
501 -26.096233367919922 -5.506009578704834 -2.5417251586914063
502 -26.225013732910156 -5.775988578796387 -2.67695951461792
503 -26.301124572753906 -5.439944744110107 -2.8516249656677246
504 -26.18776512145996 -5.802643775939941 -2.945784568786621
505 -26.34739112854004 -5.369026184082031 -2.918900728225708
506 -26.012266159057617 -5.419946193695068 -2.564027786254883
507 -26.309661865234375 -5.490870952606201 -2.8646867275238037
508 -26.162353515625 -5.455482006072998 -2.791337490081787
509 -26.245515823364258 -5.501593589782715 -2.6655571460723877
510 -26.374095916748047 -5.701986789703369 -2.5999298095703125
511 -26.249967575073242 -5.470605850219727 -2.808069944381714
512 -26.321910858154297 -5.8095927238464355 -2.7966136932373047
513 -26.278676986694336 -5.723232746124268 -2.6491212844848633
514 -26.227256774902344 -5.527651786804199 -2.695474863052368
515 -26.268165588378906 -5.80446720123291 -2.7457334995269775
516 -26.30242347717285 -5.500889778137207 -2.7590994834899902
517 -26.156251907348633 -5.608002662658691 -2.6261508464813232
518 -26.33854103088379 -5.526512622833252 -2.8329215049743652
519 -26.301712036132813 -5.560008525848389 -2.512314558029175
520 -26.382699966430664 -5.412188529968262 -2.8086822032928467
521 -26.17516326904297 -5.621656894683838 -2.775205135345459
522 -26.300565719604492 -5.734262943267822 -2.803040027618408
523 -26.200960159301758 -5.472146987915039 -2.911055564880371
524 -26.434736251831055 -5.4530816078186035 -2.8763279914855957
525 -26.28517723083496 -5.4230427742004395 -2.9529106616973877
526 -26.22277069091797 -5.4609503746032715 -2.540876865386963
527 -26.260265350341797 -5.239594459533691 -2.6203055381774902
528 -26.23221778869629 -5.569777488708496 -3.014069080352783
529 -25.907657623291016 -5.534724235534668 -2.7599055767059326
530 -26.15631866455078 -5.5338664054870605 -2.772902011871338
531 -26.266469955444336 -5.814467430114746 -2.8701555728912354
532 -26.25654411315918 -5.728440284729004 -2.8543431758880615
533 -26.433195114135742 -5.363543510437012 -2.5807547569274902
534 -26.137012481689453 -5.7220258712768555 -2.7872984409332275
535 -26.605430603027344 -5.6501665115356445 -2.413519859313965
536 -26.203781127929688 -5.376236915588379 -2.917738676071167
537 -26.257917404174805 -5.746489524841309 -2.758579730987549
538 -26.395408630371094 -5.528400421142578 -2.475003242492676
539 -26.268966674804688 -5.57843017578125 -2.657000780105591
540 -26.260711669921875 -5.646892547607422 -2.7691738605499268
541 -26.389312744140625 -5.643708229064941 -2.5717313289642334
542 -26.34004020690918 -5.581216335296631 -2.7364728450775146
543 -26.182756423950195 -5.4297685623168945 -2.6345481872558594
544 -25.924997329711914 -5.408327102661133 -2.790565013885498
545 -26.34671401977539 -5.530648708343506 -2.7174718379974365
546 -26.0936336517334 -5.550065040588379 -2.7884328365325928
547 -26.266517639160156 -5.65119743347168 -2.7336764335632324
548 -26.21597671508789 -5.480485439300537 -2.691711187362671
549 -26.344491958618164 -5.551449298858643 -2.582352638244629
550 -26.054107666015625 -5.604457378387451 -2.8248298168182373
551 -26.189022064208984 -5.496006965637207 -2.7043020725250244
552 -26.451251983642578 -5.439189910888672 -2.820246458053589
553 -26.562097549438477 -5.495640277862549 -2.9225845336914063
554 -26.283483505249023 -5.339698791503906 -2.772264242172241
555 -26.22596549987793 -5.6385931968688965 -2.9284210205078125
556 -26.573225021362305 -5.532567501068115 -2.845273733139038
557 -26.31764030456543 -5.5935845375061035 -2.619178056716919
558 -26.379549026489258 -5.544532775878906 -2.797869920730591
559 -26.162349700927734 -5.670743942260742 -2.901784896850586
560 -26.462961196899414 -5.432418346405029 -2.806783437728882
561 -26.724931716918945 -5.740776062011719 -2.8249337673187256
562 -26.603971481323242 -5.374887466430664 -2.6727418899536133
563 -26.032699584960938 -5.346375942230225 -2.8696000576019287
564 -26.202884674072266 -5.276241302490234 -2.835456371307373
565 -26.154447555541992 -5.512744903564453 -2.7581050395965576
566 -26.500213623046875 -5.283420085906982 -2.504005193710327
567 -26.238195419311523 -5.342608451843262 -2.7327661514282227
568 -26.473495483398438 -5.2355427742004395 -2.8640694618225098
569 -26.082950592041016 -5.533020496368408 -2.591093063354492
570 -26.25459098815918 -5.541053771972656 -2.8709728717803955
571 -26.51219940185547 -5.596371173858643 -2.504816770553589
572 -26.27895736694336 -5.706326484680176 -2.903590440750122
573 -26.258750915527344 -5.38681173324585 -3.007117509841919
574 -26.043773651123047 -5.43497371673584 -2.7555768489837646
575 -26.254070281982422 -5.523460388183594 -2.769341468811035
576 -26.2180233001709 -5.2237868309021 -2.6939456462860107
577 -26.12241554260254 -5.441462993621826 -2.9465208053588867
578 -26.374086380004883 -5.547592639923096 -3.002013683319092
579 -26.32517433166504 -5.254508972167969 -2.6884703636169434
580 -26.179916381835938 -5.5602312088012695 -2.857912063598633
581 -26.30539894104004 -5.481391429901123 -2.5210182666778564
582 -26.35369873046875 -5.6117401123046875 -2.535308837890625
583 -26.1117000579834 -5.431892395019531 -2.640000820159912
584 -26.460927963256836 -5.470008373260498 -2.47489857673645
585 -26.480405807495117 -5.588862895965576 -2.7208752632141113
586 -26.12628173828125 -5.664593696594238 -2.724203109741211
587 -26.10531997680664 -5.451488494873047 -2.438127279281616
588 -26.27424430847168 -5.375084400177002 -2.6987080574035645
589 -26.24920654296875 -5.637562274932861 -2.9267184734344482
590 -26.56048011779785 -5.280843734741211 -2.4894888401031494
591 -26.246641159057617 -5.538404941558838 -2.6381494998931885
592 -26.339548110961914 -5.3205695152282715 -2.859760046005249
593 -26.489398956298828 -5.514809608459473 -2.8108043670654297
594 -26.059371948242188 -5.368408679962158 -2.77140736579895
595 -26.324718475341797 -5.828202724456787 -2.844265937805176
596 -26.138715744018555 -5.767828941345215 -2.515306234359741
597 -26.456100463867188 -5.5769548416137695 -2.8126025199890137
598 -26.461652755737305 -5.551490306854248 -2.892882823944092
599 -26.34381866455078 -5.814935684204102 -2.8860549926757813
600 -26.203310012817383 -5.662392616271973 -2.6908304691314697
601 -26.486833572387695 -5.588301181793213 -2.786055564880371
602 -26.199718475341797 -5.451904773712158 -2.9872870445251465
603 -26.376964569091797 -5.868321418762207 -2.896846294403076
604 -26.15157699584961 -5.6181182861328125 -2.8938002586364746
605 -26.195812225341797 -5.579029560089111 -2.794264316558838
606 -25.858226776123047 -5.375107288360596 -2.930407762527466
607 -26.22510528564453 -5.437235355377197 -2.7998340129852295
608 -26.239713668823242 -5.410601615905762 -2.8466908931732178
609 -26.202428817749023 -5.423399925231934 -2.660606622695923
610 -26.027780532836914 -5.613895416259766 -2.6500070095062256
611 -26.35784912109375 -5.595600605010986 -2.449004888534546
612 -26.327198028564453 -5.581357955932617 -2.706300735473633
613 -26.22304344177246 -5.374966144561768 -2.661280870437622
614 -26.357158660888672 -5.530336380004883 -2.82007098197937
615 -26.29392433166504 -5.450930118560791 -2.599709987640381
616 -26.005577087402344 -5.807920455932617 -2.9198858737945557
617 -26.11264991760254 -5.745001792907715 -2.7959232330322266
618 -26.297876358032227 -5.5657758712768555 -2.7319846153259277
619 -26.15141487121582 -5.552605628967285 -2.7927396297454834
620 -26.067150115966797 -5.518982887268066 -2.8488261699676514
621 -26.24955177307129 -5.78567361831665 -2.9739785194396973
622 -26.137887954711914 -5.523303985595703 -2.552788019180298
623 -26.246002197265625 -5.549423694610596 -2.6988160610198975
624 -26.094215393066406 -5.505655288696289 -2.8465359210968018
625 -26.452932357788086 -5.780691146850586 -2.698042631149292
626 -26.263334274291992 -5.627011299133301 -2.9796154499053955
627 -26.32234001159668 -5.518691062927246 -2.7499237060546875
628 -26.38623809814453 -5.613640785217285 -2.729991912841797
629 -26.318199157714844 -5.52430534362793 -2.717761516571045
630 -26.134864807128906 -5.574208736419678 -3.0149123668670654
631 -26.500389099121094 -5.692702770233154 -2.861815929412842
632 -26.14417266845703 -5.480499267578125 -2.7871077060699463
633 -25.951309204101563 -5.648336410522461 -2.918870449066162
634 -26.17404556274414 -5.7821760177612305 -2.9986793994903564
635 -26.20962905883789 -5.489885330200195 -2.762094020843506
636 -26.42041778564453 -5.376344680786133 -2.714370012283325
637 -26.266572952270508 -5.665304183959961 -2.7933638095855713
638 -26.237689971923828 -5.618399143218994 -2.6804683208465576
639 -26.128917694091797 -5.3099565505981445 -2.730700969696045
640 -26.012659072875977 -5.7533111572265625 -2.6128506660461426
641 -26.580350875854492 -5.51652193069458 -2.5076377391815186
642 -26.129011154174805 -5.459718704223633 -2.481553316116333
643 -26.341567993164063 -5.516175270080566 -2.716728925704956
644 -26.14754867553711 -5.153662204742432 -3.0349550247192383
645 -26.18466567993164 -5.194328784942627 -3.0197994709014893
646 -26.153717041015625 -5.488293170928955 -2.6980977058410645
647 -26.18839454650879 -5.5707106590271 -2.710209846496582
648 -26.01156997680664 -5.65647029876709 -2.9616305828094482
649 -26.22123908996582 -5.44224739074707 -3.051738977432251
650 -26.005775451660156 -5.714595794677734 -2.8727893829345703
651 -26.085102081298828 -5.492976665496826 -3.147869348526001
652 -26.445068359375 -5.778556823730469 -2.883833169937134
653 -26.4567928314209 -5.48635196685791 -2.802462339401245
654 -26.50716209411621 -5.584803581237793 -2.920287847518921
655 -26.358861923217773 -5.778724193572998 -2.8595848083496094
656 -26.256793975830078 -5.692237854003906 -2.7070116996765137
657 -26.214942932128906 -5.7049174308776855 -2.6741526126861572
658 -26.336252212524414 -5.590940952301025 -2.8936963081359863
659 -26.13957977294922 -5.561954498291016 -2.597843885421753
660 -26.436559677124023 -5.520689964294434 -2.7616374492645264
661 -26.125638961791992 -5.738369941711426 -2.9160220623016357
662 -26.07596206665039 -5.5035247802734375 -2.8740932941436768
663 -26.36812400817871 -5.80280065536499 -2.482856512069702
664 -26.03727149963379 -5.516439437866211 -2.741807460784912
665 -26.254776000976563 -5.627194404602051 -2.588538885116577
666 -26.295570373535156 -5.7516021728515625 -2.9498071670532227
667 -26.277341842651367 -5.930530548095703 -2.7938954830169678
668 -26.37517547607422 -5.641165256500244 -3.1138336658477783
669 -26.376726150512695 -5.7435455322265625 -2.7133634090423584
670 -26.163021087646484 -5.958102703094482 -3.146021842956543
671 -26.048419952392578 -5.635739326477051 -2.976126194000244
672 -26.391023635864258 -5.659229278564453 -2.785309076309204
673 -26.10887336730957 -5.648880481719971 -2.629882335662842
674 -26.059490203857422 -5.429608345031738 -2.7128379344940186
675 -26.003765106201172 -5.882132053375244 -2.807511329650879
676 -25.964447021484375 -5.685459613800049 -2.866199254989624
677 -26.198501586914063 -5.6658782958984375 -2.8353312015533447
678 -26.06242561340332 -5.950138092041016 -2.8177945613861084
679 -26.36444091796875 -5.2784953117370605 -2.4635045528411865
680 -26.177642822265625 -5.633990287780762 -2.88041090965271
681 -26.1470890045166 -5.433389663696289 -2.8179211616516113
682 -26.241453170776367 -5.638300895690918 -2.725815534591675
683 -26.452392578125 -5.762411594390869 -2.5905022621154785
684 -26.399009704589844 -5.443303108215332 -2.4660558700561523
685 -26.137544631958008 -5.516120433807373 -2.8993148803710938
686 -26.038219451904297 -5.593033790588379 -2.7180395126342773
687 -26.3104305267334 -5.781832218170166 -2.860612154006958
688 -26.583261489868164 -5.61268949508667 -2.852908134460449
689 -26.26787757873535 -5.657154083251953 -2.6535935401916504
690 -25.980926513671875 -5.714203834533691 -2.709911346435547
691 -26.198022842407227 -5.436567783355713 -2.9560887813568115
692 -26.094343185424805 -5.276793956756592 -2.7852890491485596
693 -26.039316177368164 -5.466181755065918 -2.895240306854248
694 -26.035091400146484 -5.5282464027404785 -3.1393680572509766
695 -26.391481399536133 -5.752203464508057 -2.793302297592163
696 -26.05595588684082 -5.580869674682617 -2.849534273147583
697 -26.21767807006836 -5.511507511138916 -2.886634349822998
698 -26.257143020629883 -5.460474014282227 -2.489567518234253
699 -26.190950393676758 -5.592800140380859 -2.738046169281006
700 -26.0272216796875 -5.479151725769043 -2.812387228012085
701 -26.31524085998535 -5.571292877197266 -2.7783291339874268
702 -26.095638275146484 -5.516480445861816 -2.8031489849090576
703 -26.43907928466797 -5.599508762359619 -2.87606143951416
704 -26.418983459472656 -5.426733493804932 -2.856715679168701
705 -26.24692726135254 -5.490495204925537 -3.074897289276123
706 -26.142108917236328 -5.534060001373291 -2.6877338886260986
707 -26.23832893371582 -5.423891544342041 -2.954655885696411
708 -26.118457794189453 -5.506706714630127 -2.880499839782715
709 -26.454898834228516 -5.373777866363525 -2.7705421447753906
710 -26.081083297729492 -5.727818489074707 -2.672332525253296
711 -26.15542984008789 -5.738229274749756 -2.7983179092407227
712 -26.11001968383789 -5.488265514373779 -2.7967543601989746
713 -26.309303283691406 -5.593393325805664 -2.8960776329040527
714 -26.040441513061523 -5.450148105621338 -3.0662739276885986
715 -26.235788345336914 -5.435163974761963 -2.7990803718566895
716 -26.09613800048828 -5.496407508850098 -3.0128636360168457
717 -26.306299209594727 -5.413061141967773 -2.927032709121704
718 -25.943645477294922 -5.25179386138916 -2.689269542694092
719 -26.07952880859375 -5.515237331390381 -2.486121654510498
720 -26.179468154907227 -5.530831336975098 -2.8101165294647217
721 -26.197303771972656 -5.317870616912842 -2.9527816772460938
722 -26.09564781188965 -5.546103477478027 -2.6514055728912354
723 -26.60987091064453 -6.034553050994873 -3.1926839351654053
724 -26.187532424926758 -5.6044697761535645 -2.799238443374634
725 -26.273439407348633 -5.672696590423584 -2.604198694229126
726 -26.389572143554688 -5.188869953155518 -2.807861328125
727 -25.989866256713867 -5.7036614418029785 -2.5673370361328125
728 -26.382312774658203 -5.6938886642456055 -2.680076837539673
729 -25.94115447998047 -5.832261562347412 -2.7314388751983643
730 -25.896251678466797 -5.524450778961182 -2.833364486694336
731 -26.350061416625977 -5.3467583656311035 -2.7152206897735596
732 -26.25065803527832 -5.681450366973877 -2.906172513961792
733 -26.145153045654297 -5.489656925201416 -3.016737461090088
734 -26.38284683227539 -5.502175331115723 -2.8963112831115723
735 -26.34585952758789 -5.771028995513916 -3.096979856491089
736 -26.227928161621094 -5.765962600708008 -2.9119040966033936
737 -26.532703399658203 -5.411113262176514 -2.5681276321411133
738 -26.265703201293945 -5.988265037536621 -2.6870627403259277
739 -25.96864128112793 -5.593272686004639 -3.0453240871429443
740 -26.279481887817383 -5.406856060028076 -2.6891281604766846
741 -26.191539764404297 -5.500063896179199 -2.7804007530212402
742 -26.168724060058594 -5.608792781829834 -2.6564974784851074
743 -26.100141525268555 -5.581563949584961 -2.975555419921875
744 -26.240583419799805 -5.716238021850586 -2.934656858444214
745 -26.006929397583008 -5.643215656280518 -2.967851400375366
746 -26.354568481445313 -5.613311290740967 -2.7192187309265137
747 -26.211017608642578 -5.82708215713501 -2.811394453048706
748 -26.39642333984375 -5.577898979187012 -2.616464614868164
749 -26.157772064208984 -5.74383020401001 -2.8790738582611084
750 -25.946317672729492 -5.549630165100098 -2.561793565750122
751 -26.07047462463379 -5.767708778381348 -3.0472469329833984
752 -26.186315536499023 -5.251335144042969 -2.884392499923706
753 -26.27495574951172 -6.0556182861328125 -2.884948492050171
754 -26.094032287597656 -5.619172096252441 -2.7635676860809326
755 -26.250476837158203 -5.3740644454956055 -2.7254819869995117
756 -26.31465721130371 -5.650797367095947 -2.74562406539917
757 -26.440080642700195 -5.760909557342529 -2.987100124359131
758 -26.094985961914063 -5.721348762512207 -2.9317970275878906
759 -25.91123390197754 -5.621373176574707 -2.868163585662842
760 -26.02701187133789 -5.7032084465026855 -2.8659920692443848
761 -25.788999557495117 -5.503987789154053 -2.961496591567993
762 -26.42949676513672 -5.605776309967041 -2.7215993404388428
763 -26.103130340576172 -5.58109712600708 -2.665966510772705
764 -26.35115623474121 -5.763322353363037 -2.8028149604797363
765 -26.1268367767334 -5.847935676574707 -2.7009482383728027
766 -26.197587966918945 -5.583043098449707 -2.9063031673431396
767 -26.2440185546875 -5.39665412902832 -2.6975715160369873
768 -26.076984405517578 -5.404825210571289 -2.8646111488342285
769 -26.18733787536621 -5.602555274963379 -2.5293238162994385
770 -26.337675094604492 -5.785706043243408 -2.956583261489868
771 -26.071630477905273 -5.511582851409912 -3.2624728679656982
772 -26.09428596496582 -5.707551956176758 -2.5445938110351563
773 -26.116731643676758 -5.485142230987549 -2.7689085006713867
774 -26.129257202148438 -5.718729496002197 -2.6772680282592773
775 -26.02448844909668 -5.530759334564209 -2.928614854812622
776 -26.464622497558594 -5.493494987487793 -2.6760168075561523
777 -26.1983585357666 -5.6300272941589355 -2.810978412628174
778 -26.28304672241211 -5.888548374176025 -2.5640249252319336
779 -25.981307983398438 -5.520671844482422 -2.858574628829956
780 -26.19087791442871 -5.771019458770752 -2.707331895828247
781 -25.960575103759766 -5.3504743576049805 -3.358706474304199
782 -26.26510238647461 -5.600973606109619 -2.898974657058716
783 -26.130002975463867 -5.392609119415283 -3.108612537384033
784 -26.00490379333496 -5.741403579711914 -2.8499722480773926
785 -26.34308433532715 -5.472514629364014 -3.026503801345825
786 -26.086767196655273 -5.686552047729492 -2.847541093826294
787 -26.371044158935547 -5.711887836456299 -3.09076189994812
788 -26.030183792114258 -6.03210973739624 -2.9272689819335938
789 -26.565813064575195 -5.585138320922852 -2.7222390174865723
790 -26.16336441040039 -5.51435661315918 -2.719200849533081
791 -26.46580696105957 -5.7190165519714355 -2.905090808868408
792 -25.873380661010742 -5.617807865142822 -2.641831636428833
793 -26.166547775268555 -5.373349189758301 -3.113635540008545
794 -26.266643524169922 -5.5760650634765625 -2.8640871047973633
795 -25.84996223449707 -5.44798469543457 -2.896308660507202
796 -26.385257720947266 -5.572614669799805 -2.6172361373901367
797 -26.316673278808594 -5.630152225494385 -2.8221375942230225
798 -26.05084800720215 -5.72268009185791 -2.843061923980713
799 -26.162076950073242 -5.547428607940674 -2.6549136638641357
800 -25.9341983795166 -5.482664585113525 -2.750572443008423
801 -26.624927520751953 -5.795433521270752 -2.773468494415283
802 -26.143260955810547 -5.747676849365234 -2.8414254188537598
803 -25.87649154663086 -5.397041320800781 -2.9604697227478027
804 -26.056575775146484 -5.652214527130127 -2.493447780609131
805 -26.097339630126953 -5.808378219604492 -2.5505239963531494
806 -25.806743621826172 -5.709585189819336 -2.6666500568389893
807 -25.947477340698242 -5.499265193939209 -3.1836752891540527
808 -26.050006866455078 -5.743144989013672 -2.535912275314331
809 -26.021442413330078 -5.528598785400391 -3.03385853767395
810 -26.283920288085938 -5.6898417472839355 -2.8640148639678955
811 -26.254602432250977 -5.671347141265869 -2.835888147354126
812 -26.30302619934082 -5.601627826690674 -2.9998667240142822
813 -26.271530151367188 -5.343508720397949 -2.8111045360565186
814 -25.973142623901367 -5.637784957885742 -2.775327682495117
815 -25.89040756225586 -5.339815139770508 -2.843271255493164
816 -26.017908096313477 -5.347165107727051 -2.8836636543273926
817 -26.13446044921875 -5.926889419555664 -2.926544427871704
818 -26.003684997558594 -5.447582244873047 -2.9538755416870117
819 -25.816184997558594 -5.661109924316406 -3.048032522201538
820 -25.797382354736328 -5.83546257019043 -3.0963246822357178
821 -26.106975555419922 -5.713311672210693 -3.042006254196167
822 -26.222469329833984 -5.715489864349365 -2.905701160430908
823 -26.279264450073242 -5.9050984382629395 -2.747973680496216
824 -26.02472686767578 -5.580954551696777 -2.7691049575805664
825 -25.97078514099121 -5.82790994644165 -2.6009116172790527
826 -26.027820587158203 -5.628974437713623 -2.6796562671661377
827 -26.1674861907959 -5.658014297485352 -2.8267807960510254
828 -26.425657272338867 -5.69316291809082 -2.802612066268921
829 -26.143474578857422 -5.436382293701172 -2.633988380432129
830 -25.865976333618164 -5.760148048400879 -2.939817190170288
831 -26.086769104003906 -5.390887260437012 -2.97947359085083
832 -26.07244110107422 -5.559301376342773 -2.540832042694092
833 -26.061307907104492 -5.565094947814941 -3.3222477436065674
834 -26.09506607055664 -5.571605205535889 -2.6568331718444824
835 -25.91526222229004 -5.778348922729492 -2.5823721885681152
836 -25.85784339904785 -5.819085121154785 -2.779108762741089
837 -26.198348999023438 -5.711826324462891 -2.9689548015594482
838 -26.104232788085938 -5.762906074523926 -2.9380476474761963
839 -26.138935089111328 -5.4446024894714355 -2.730456829071045
840 -26.08446502685547 -5.638573169708252 -2.870671510696411
841 -26.29921531677246 -5.8076605796813965 -2.6975114345550537
842 -26.23990249633789 -5.806325912475586 -2.8234078884124756
843 -25.92165756225586 -5.62119722366333 -2.6735568046569824
844 -26.197420120239258 -5.987288951873779 -2.659654378890991
845 -26.40932273864746 -5.635865211486816 -2.633406162261963
846 -26.294189453125 -5.741239070892334 -2.6932175159454346
847 -25.937307357788086 -5.57532262802124 -3.08597469329834
848 -25.82197380065918 -5.641245365142822 -2.887249231338501
849 -25.975780487060547 -5.894728660583496 -2.8368005752563477
850 -25.920578002929688 -5.599786758422852 -3.0971808433532715
851 -26.161970138549805 -5.681636333465576 -3.024221420288086
852 -26.092025756835938 -5.807667255401611 -2.9484078884124756
853 -26.05280113220215 -5.652009010314941 -2.9642343521118164
854 -25.958833694458008 -5.592140197753906 -3.222722053527832
855 -26.107999801635742 -5.870123386383057 -2.959301471710205
856 -26.18154525756836 -5.602451801300049 -3.032029151916504
857 -26.00947380065918 -5.575887203216553 -2.724062204360962
858 -25.987499237060547 -5.614140510559082 -3.009080410003662
859 -25.913679122924805 -5.668201446533203 -3.199786424636841
860 -26.001171112060547 -5.690188884735107 -2.887880325317383
861 -25.98143768310547 -5.613162040710449 -2.6965432167053223
862 -25.873493194580078 -5.647150993347168 -2.9928958415985107
863 -25.613693237304688 -6.075683116912842 -3.2039666175842285
864 -26.08298683166504 -5.751458168029785 -3.0402376651763916
865 -26.18630599975586 -5.653587818145752 -3.002688407897949
866 -26.042715072631836 -5.5914201736450195 -2.7288427352905273
867 -26.03744125366211 -6.000451564788818 -2.8540775775909424
868 -26.17407989501953 -5.655017852783203 -2.991008996963501
869 -25.875770568847656 -5.886203289031982 -2.7906510829925537
870 -25.965290069580078 -5.456967353820801 -2.8291962146759033
871 -26.22784996032715 -5.767251968383789 -2.8661856651306152
872 -25.833948135375977 -5.7114129066467285 -2.7654290199279785
873 -26.07451820373535 -5.589392185211182 -2.7498652935028076
874 -25.983320236206055 -5.755734920501709 -2.5457911491394043
875 -25.74825668334961 -5.521141052246094 -2.9230740070343018
876 -26.357528686523438 -5.351917743682861 -3.0590569972991943
877 -26.01161766052246 -5.730786323547363 -2.697589874267578
878 -25.99966812133789 -5.499706745147705 -2.7263901233673096
879 -25.955535888671875 -5.573057651519775 -2.870426654815674
880 -26.014270782470703 -5.7022013664245605 -2.7936666011810303
881 -25.98053741455078 -5.354335308074951 -2.458078622817993
882 -25.906356811523438 -5.349852561950684 -2.7378790378570557
883 -25.930782318115234 -5.333869457244873 -2.9899470806121826
884 -26.17020606994629 -5.559536457061768 -2.7043867111206055
885 -26.002090454101563 -5.8349761962890625 -3.2811405658721924
886 -26.104387283325195 -6.062305927276611 -2.853276252746582
887 -26.434646606445313 -5.376183986663818 -2.9792556762695313
888 -26.12607765197754 -6.002211570739746 -2.8334805965423584
889 -25.909578323364258 -5.944414138793945 -2.8290700912475586
890 -26.17527198791504 -5.669514179229736 -2.914132595062256
891 -25.92205047607422 -6.099450588226318 -2.5219967365264893
892 -25.822765350341797 -5.679354667663574 -2.795738697052002
893 -26.141170501708984 -5.644838809967041 -2.8713481426239014
894 -26.147537231445313 -5.772859573364258 -3.110869884490967
895 -26.25983238220215 -5.611865997314453 -3.0151944160461426
896 -26.10702896118164 -5.705350399017334 -2.648887872695923
897 -26.3365535736084 -5.682031631469727 -3.027644157409668
898 -26.339616775512695 -5.720635414123535 -2.9385180473327637
899 -25.9825382232666 -5.351704120635986 -3.216538906097412
900 -26.413888931274414 -5.855489253997803 -2.8206257820129395
901 -26.320880889892578 -5.637937068939209 -2.801690101623535
902 -26.301815032958984 -5.623856544494629 -2.8602306842803955
903 -26.313566207885742 -5.696771621704102 -2.448472738265991
904 -26.233890533447266 -5.636962413787842 -2.8246426582336426
905 -25.89178466796875 -5.794276714324951 -3.0149223804473877
906 -25.863903045654297 -5.683815956115723 -2.759908676147461
907 -26.173566818237305 -5.563976764678955 -3.1249518394470215
908 -26.149925231933594 -5.606566429138184 -2.8607757091522217
909 -25.885530471801758 -5.563131332397461 -2.7721829414367676
910 -26.086078643798828 -5.657084941864014 -2.642864227294922
911 -26.296451568603516 -5.57478666305542 -2.737689733505249
912 -26.260717391967773 -5.466969966888428 -2.6838979721069336
913 -25.825214385986328 -5.953080654144287 -2.518933057785034
914 -26.25359344482422 -5.413005352020264 -2.7420125007629395
915 -26.01905059814453 -5.590836048126221 -2.6490166187286377
916 -26.930755615234375 -5.936130046844482 -2.8970751762390137
917 -25.972597122192383 -5.680583953857422 -3.0553815364837646
918 -26.052881240844727 -5.7428178787231445 -2.9250080585479736
919 -26.049701690673828 -5.715092182159424 -2.559178590774536
920 -26.331680297851563 -5.547610759735107 -2.9667441844940186
921 -26.41221046447754 -5.749350070953369 -2.6842494010925293
922 -26.008621215820313 -5.740785121917725 -3.0705599784851074
923 -25.844942092895508 -5.33883810043335 -3.069056987762451
924 -26.275041580200195 -5.572927474975586 -2.660409688949585
925 -26.128070831298828 -5.541539669036865 -3.00899076461792
926 -25.95092010498047 -5.941251754760742 -2.9329540729522705
927 -25.843292236328125 -5.892378330230713 -2.9774560928344727
928 -26.503480911254883 -5.770365238189697 -3.033113956451416
929 -25.75775718688965 -6.046727180480957 -3.3265862464904785
930 -26.17389488220215 -5.6443634033203125 -2.76108455657959
931 -25.973976135253906 -5.599146366119385 -2.7779839038848877
932 -26.010759353637695 -5.564159870147705 -2.6949245929718018
933 -26.08629608154297 -5.693239212036133 -2.906102418899536
934 -25.90839195251465 -5.75209903717041 -2.8776729106903076
935 -26.15089988708496 -5.336087226867676 -3.0995676517486572
936 -26.172359466552734 -5.601925849914551 -2.8692400455474854
937 -25.743183135986328 -5.505814552307129 -3.002002000808716
938 -26.138057708740234 -5.647951126098633 -3.1573450565338135
939 -26.11423683166504 -5.7617363929748535 -2.7590689659118652
940 -26.439620971679688 -5.709911346435547 -2.9703757762908936
941 -25.92766761779785 -5.402627944946289 -3.0074408054351807
942 -26.200363159179688 -5.816471576690674 -2.6123650074005127
943 -26.3303165435791 -5.753785610198975 -3.2176625728607178
944 -26.074953079223633 -5.8822021484375 -2.779907464981079
945 -26.37433433532715 -5.625937461853027 -2.940793991088867
946 -26.074684143066406 -5.5077972412109375 -2.4974048137664795
947 -26.014944076538086 -5.835902214050293 -2.7411234378814697
948 -26.082448959350586 -5.560197830200195 -2.8167269229888916
949 -26.371431350708008 -5.659514904022217 -2.8542778491973877
950 -25.9227352142334 -5.735778331756592 -2.825350046157837
951 -26.26822853088379 -5.3432745933532715 -2.569875717163086
952 -25.97940444946289 -5.512132167816162 -3.0550572872161865
953 -26.04578971862793 -5.494777679443359 -2.875734329223633
954 -26.180011749267578 -5.442195892333984 -2.2582459449768066
955 -25.930509567260742 -5.686415672302246 -2.6218972206115723
956 -25.995763778686523 -5.493549346923828 -2.6232926845550537
957 -26.045486450195313 -5.7300591468811035 -2.551642417907715
958 -26.34171485900879 -5.527942657470703 -2.587069272994995
959 -25.659687042236328 -5.362941265106201 -2.9039831161499023
960 -26.030662536621094 -5.724196434020996 -3.0433576107025146
961 -26.530855178833008 -5.557051658630371 -2.906919240951538
962 -26.13495445251465 -5.38845157623291 -3.056735038757324
963 -26.15900421142578 -5.894416809082031 -3.247382640838623
964 -26.15699005126953 -5.697343826293945 -2.9603421688079834
965 -25.822126388549805 -5.8494744300842285 -2.7014100551605225
966 -26.130722045898438 -5.591609001159668 -2.675065279006958
967 -25.826290130615234 -6.194454193115234 -2.838458299636841
968 -26.286760330200195 -5.857094764709473 -2.8630878925323486
969 -26.130352020263672 -5.790960311889648 -2.8085365295410156
970 -26.095327377319336 -5.04867696762085 -2.4749460220336914
971 -26.216936111450195 -5.388545036315918 -2.9328818321228027
972 -26.137659072875977 -5.918025970458984 -2.8745124340057373
973 -26.139177322387695 -5.427499771118164 -2.7480673789978027
974 -25.98316192626953 -5.439388275146484 -2.658508777618408
975 -26.321256637573242 -5.538785934448242 -2.727389335632324
976 -26.02588653564453 -5.565107345581055 -2.939971685409546
977 -25.913606643676758 -5.392668724060059 -2.5402631759643555
978 -26.323070526123047 -5.6314167976379395 -2.810187339782715
979 -26.27791976928711 -5.385491371154785 -2.862096071243286
980 -25.72989845275879 -5.633452415466309 -2.6223719120025635
981 -26.41073989868164 -5.91887903213501 -2.761098623275757
982 -26.19917106628418 -5.102237701416016 -2.8142778873443604
983 -26.02431869506836 -5.2809977531433105 -2.419464111328125
984 -26.270524978637695 -5.705672264099121 -2.9806153774261475
985 -26.313186645507813 -5.869294166564941 -2.7100038528442383
986 -26.615991592407227 -5.454671859741211 -2.7040929794311523
987 -26.234546661376953 -5.328685283660889 -2.8517074584960938
988 -26.03482437133789 -5.25664758682251 -2.6488895416259766
989 -26.269887924194336 -5.540859222412109 -2.767150640487671
990 -26.141897201538086 -5.665871620178223 -2.993393659591675
991 -26.120670318603516 -5.6499834060668945 -2.819650888442993
992 -26.10458755493164 -5.797471046447754 -2.90529465675354
993 -26.114322662353516 -5.77356481552124 -2.750412940979004
994 -26.037858963012695 -5.6675519943237305 -2.673612117767334
995 -26.032590866088867 -5.516354084014893 -2.7387919425964355
996 -26.254117965698242 -5.739645481109619 -3.0278966426849365
997 -26.40450668334961 -5.661472320556641 -2.633164644241333
998 -26.271488189697266 -5.72485876083374 -2.712908983230591
999 -26.43441390991211 -5.833419322967529 -2.824687957763672
1000 -26.556344985961914 -6.052738666534424 -2.474255323410034
1001 -25.85542869567871 -5.513806343078613 -2.761127233505249
1002 -25.900428771972656 -5.846182346343994 -2.8140170574188232
1003 -26.086763381958008 -5.423735618591309 -2.714860677719116
1004 -26.162864685058594 -5.479796886444092 -2.9307143688201904
1005 -26.166460037231445 -5.537356853485107 -2.807004451751709
1006 -26.10463523864746 -5.769576072692871 -2.447868824005127
1007 -26.128889083862305 -5.772130966186523 -2.46543025970459
1008 -26.165393829345703 -5.976547718048096 -2.9123330116271973
1009 -25.986745834350586 -5.027224063873291 -2.5556600093841553
1010 -26.172515869140625 -5.7668986320495605 -2.83931565284729
1011 -26.025678634643555 -5.684736251831055 -2.9549214839935303
1012 -26.011871337890625 -5.248130798339844 -2.848581075668335
1013 -26.27669334411621 -5.618630409240723 -2.6193788051605225
1014 -26.28586196899414 -5.7163405418396 -3.1073482036590576
1015 -26.226598739624023 -6.0070037841796875 -2.464416265487671
1016 -26.105487823486328 -5.432162284851074 -3.078352689743042
1017 -26.020410537719727 -5.491323471069336 -2.9634854793548584
1018 -26.046287536621094 -5.522243022918701 -2.9180243015289307
1019 -26.253902435302734 -5.586190223693848 -2.8579773902893066
1020 -25.727989196777344 -5.85428524017334 -2.601585626602173
1021 -25.88584327697754 -5.898179054260254 -2.9318463802337646
1022 -25.78130340576172 -5.615089416503906 -2.881746530532837
1023 -26.088457107543945 -5.556700706481934 -3.1628949642181396
1024 -26.457164764404297 -5.970447540283203 -3.156278610229492
1025 -26.113889694213867 -5.568021774291992 -2.976224660873413
1026 -26.01803207397461 -5.989200115203857 -2.619990825653076
1027 -26.162851333618164 -5.482176303863525 -2.8933005332946777
1028 -25.98282814025879 -5.424533843994141 -2.5940349102020264
1029 -25.836288452148438 -5.6350836753845215 -2.948127031326294
1030 -25.75522232055664 -5.637638568878174 -2.8059656620025635
1031 -26.377605438232422 -5.51361083984375 -2.7318975925445557
1032 -26.103626251220703 -5.846419334411621 -2.3712949752807617
1033 -26.15569305419922 -5.415660381317139 -3.1977527141571045
1034 -26.36835289001465 -5.637633800506592 -2.8839051723480225
1035 -25.924070358276367 -5.356528282165527 -3.0432627201080322
1036 -26.06217384338379 -5.6626176834106445 -2.893582582473755
1037 -26.03653907775879 -5.416969299316406 -3.078812599182129
1038 -26.276323318481445 -5.239976406097412 -3.1517629623413086
1039 -26.336750030517578 -5.644996643066406 -2.886284589767456
1040 -26.108627319335938 -5.5812578201293945 -2.4300715923309326
1041 -26.14013671875 -5.93100643157959 -2.7076942920684814
1042 -26.294328689575195 -5.2209601402282715 -2.784827947616577
1043 -26.185365676879883 -5.633246898651123 -2.885188341140747
1044 -26.25547218322754 -5.228404521942139 -3.056136131286621
1045 -26.051755905151367 -5.787999629974365 -2.835462808609009
1046 -25.95006561279297 -5.480066299438477 -2.6188576221466064
1047 -26.277009963989258 -5.2868781089782715 -2.5618934631347656
1048 -25.988834381103516 -5.429935455322266 -3.043497085571289
1049 -26.407848358154297 -5.5338826179504395 -3.022505760192871
1050 -26.139522552490234 -5.848149299621582 -2.799920082092285
1051 -26.28339195251465 -5.239202499389648 -2.87613844871521
1052 -26.395660400390625 -5.296274662017822 -2.722994327545166
1053 -26.332439422607422 -5.729447364807129 -3.016646146774292
1054 -25.86505699157715 -5.626247882843018 -2.590074300765991
1055 -26.16331672668457 -5.621591567993164 -3.07430100440979
1056 -26.331117630004883 -5.864400386810303 -2.570080518722534
1057 -26.160676956176758 -5.748737812042236 -2.6576662063598633
1058 -26.057296752929688 -5.207265377044678 -2.986783742904663
1059 -26.10930824279785 -5.830886363983154 -2.914856195449829
1060 -26.482345581054688 -5.594173431396484 -3.0602221488952637
1061 -25.954147338867188 -5.542856693267822 -2.906592607498169
1062 -25.988006591796875 -5.718292713165283 -2.8036067485809326
1063 -25.79671859741211 -5.631834030151367 -3.112278699874878
1064 -25.65169906616211 -5.553501129150391 -3.0837485790252686
1065 -26.127124786376953 -5.428256988525391 -2.8550939559936523
1066 -26.079355239868164 -5.646369934082031 -3.035930633544922
1067 -25.857192993164063 -5.417905807495117 -2.9392764568328857
1068 -26.248802185058594 -5.740000247955322 -2.8160245418548584
1069 -26.321306228637695 -5.1333537101745605 -3.0222549438476563
1070 -26.075727462768555 -5.601492404937744 -2.5260112285614014
1071 -26.36663246154785 -5.519663333892822 -2.537463426589966
1072 -26.230403900146484 -5.122321128845215 -2.691598892211914
1073 -26.377399444580078 -5.435640335083008 -2.8850817680358887
1074 -26.26081085205078 -5.580704212188721 -2.906791925430298
1075 -26.289827346801758 -5.460987091064453 -3.145195245742798
1076 -26.158031463623047 -4.855064392089844 -2.762843132019043
1077 -26.29468536376953 -5.430830478668213 -2.583967685699463
1078 -26.343481063842773 -5.503354549407959 -2.6718363761901855
1079 -25.95538330078125 -5.399774074554443 -2.8802735805511475
1080 -25.786733627319336 -5.255213260650635 -2.749177932739258
1081 -26.165695190429688 -5.8606109619140625 -2.566723585128784
1082 -26.112934112548828 -5.134202480316162 -2.8325655460357666
1083 -26.373615264892578 -5.73807430267334 -3.0933151245117188
1084 -26.202083587646484 -6.132933616638184 -2.6700141429901123
1085 -26.133813858032227 -5.4602227210998535 -2.803428888320923
1086 -26.1232852935791 -5.564265251159668 -2.9619102478027344
1087 -26.29322624206543 -5.6468586921691895 -2.495337963104248
1088 -26.24875831604004 -5.870821952819824 -2.9570939540863037
1089 -26.300687789916992 -5.464861869812012 -2.9766018390655518
1090 -26.405385971069336 -5.214221477508545 -2.84121036529541
1091 -26.16098976135254 -5.369776725769043 -2.493372678756714
1092 -26.187423706054688 -5.606472492218018 -2.5437614917755127
1093 -26.119325637817383 -5.63913106918335 -2.7771787643432617
1094 -26.026750564575195 -5.409690856933594 -3.2095510959625244
1095 -26.142295837402344 -5.838106632232666 -2.7384235858917236
1096 -26.212322235107422 -5.443225860595703 -3.3219213485717773
1097 -26.627286911010742 -5.68613338470459 -2.702223300933838
1098 -25.724136352539063 -5.693213939666748 -2.854034900665283
1099 -26.454099655151367 -5.513852119445801 -2.7047691345214844
